34307
57859
62981
50952
28681
8714
37386
61195
47627
61968
12049
37651
51988
30997
1304
205082
51225
4635
27420
327705
15645
5406
12833
43809
137251
2593
62499
203040
52005
7717
45093
10533
6695
32299
26930
26162
24115
44596
15669
37431
263229
63034
56890
1850
58941
58942
5438
57151
58943
37699
37700
36932
24388
37701
51526
9033
39753
37195
202056
43339
63055
395081
2128
47184
61522
5459
33108
61524
206165
63830
61526
63832
23640
53339
132953
43100
40542
63839
29535
47200
14432
44896
1120
8545
7521
1121
41059
56931
37221
8550
7527
37224
327788
13681
28017
57463
6777
136824
47228
24957
23169
24193
8579
5507
16004
20612
57734
265347
55176
265101
8330
58516
11670
48793
41882
24474
30365
41120
199330
201376
24745
197032
24748
7597
29616
1200
33713
41138
7606
8631
61374
58560
39107
51909
44488
13004
4558
57555
64216
49624
64219
24796
64220
25309
41693
24029
64222
224
41441
6881
265702
49378
8674
199399
49638
41194
20715
42476
20717
52462
6895
43760
43252
198391
16374
51702
29432
51706
59899
25083
62972
33791
